   time velocity
   0.0000000000000000        29.808746782565372     
   5.0000000000000003E-002   28.864569590643207     
  0.10000000000000001        28.227182218141870     
  0.14999999999999999        26.806220794926645     
  0.20000000000000001        30.334484768858623     
  0.25000000000000000        28.020793662307192     
  0.29999999999999999        29.630162049441811     
  0.34999999999999998        28.340237485883264     
  0.40000000000000002        26.185445442469817     
  0.45000000000000001        22.689353238460011     
  0.50000000000000000        23.905156613500591     
  0.55000000000000004        22.306063448287791     
  0.59999999999999998        20.237322756631514     
  0.65000000000000002        20.112020111478905     
  0.69999999999999996        20.115474997750756     
  0.75000000000000000        21.208913406662528     
  0.80000000000000004        19.199848576818063     
  0.84999999999999998        20.384336124938233     
  0.90000000000000002        21.890897309904435     
  0.94999999999999996        20.782905530501118     
   1.0000000000000000        19.348768292865095     
   1.0500000000000000        17.957202052079971     
   1.1000000000000001        17.259612086780745     
   1.1499999999999999        19.189740972446174     
   1.2000000000000000        24.177254397897510     
   1.2500000000000000        22.264573552544356     
   1.3000000000000000        23.809711973039018     
   1.3500000000000001        26.433874930808305     
   1.3999999999999999        28.139388832026956     
   1.4500000000000000        24.520483008358315     
   1.5000000000000000        20.634702717246789     
   1.5500000000000000        17.462733097326559     
   1.6000000000000001        18.510755681981653     
   1.6499999999999999        19.575667144845539     
   1.7000000000000000        17.633162355396216     
   1.7500000000000000        13.133018339455418     
   1.8000000000000000        14.563664902398822     
   1.8500000000000001        12.231157701801072     
   1.8999999999999999        15.063000871991907     
   1.9500000000000000        14.863505021643606     
   2.0000000000000000        12.899730267263948     
   2.0499999999999998        14.185548255203642     
   2.1000000000000001        15.305704697733344     
   2.1499999999999999        16.276074270888866     
   2.2000000000000002        19.860490827651457     
   2.2500000000000000        23.366854996231975     
   2.2999999999999998        22.330900105339055     
   2.3500000000000001        22.968002720142518     
   2.3999999999999999        27.850932667555110     
   2.4500000000000002        28.637152437288115     
   2.5000000000000000        23.993069408264613     
   2.5499999999999998        24.105953286686592     
   2.6000000000000001        22.587036159178822     
   2.6499999999999999        22.263816160265950     
   2.7000000000000002        23.260571005614658     
   2.7500000000000000        24.184025993990723     
   2.7999999999999998        22.183433067645659     
   2.8500000000000001        25.933242731330580     
   2.8999999999999999        21.700904672537863     
   2.9500000000000002        24.330335819754396     
   3.0000000000000000        23.877749748884966     
   3.0499999999999998        24.161765510135510     
   3.1000000000000001        24.229196404363908     
   3.1499999999999999        24.379406672827312     
   3.2000000000000002        26.982196620448502     
   3.2500000000000000        22.348877932757869     
   3.2999999999999998        21.699249363312166     
   3.3500000000000001        15.791356818976025     
   3.3999999999999999        13.881719091150606     
   3.4500000000000002        10.572817236638237     
   3.5000000000000000        13.101315636179637     
   3.5499999999999998        15.936101732412732     
   3.6000000000000001        15.992737308051533     
   3.6499999999999999        14.537000463021238     
   3.7000000000000002        16.957375652920359     
   3.7500000000000000        12.798375724057639     
   3.7999999999999998        10.817784746406188     
   3.8500000000000001        13.159080751675228     
   3.8999999999999999        13.967656341769297     
   3.9500000000000002        14.275308046274979     
   4.0000000000000000        15.038482377785366     
   4.0499999999999998        18.859071691512238     
   4.0999999999999996        19.125105273368646     
   4.1500000000000004        22.360146608700564     
   4.2000000000000002        22.877281090927653     
   4.2500000000000000        20.404608587897513     
   4.2999999999999998        13.532114931895203     
   4.3499999999999996        12.852939979343201     
   4.4000000000000004        12.537529375193394     
   4.4500000000000002        13.557226334379815     
   4.5000000000000000        18.736599982423332     
   4.5499999999999998        16.790124497833403     
   4.5999999999999996        21.233379177526594     
   4.6500000000000004        23.719275237117131     
   4.7000000000000002        21.458496308149659     
   4.7500000000000000        19.628743650921404     
   4.7999999999999998        17.922623404963545     
   4.8499999999999996        15.383939920482195     
   4.9000000000000004        18.208059231953985     
   4.9500000000000002        17.892248320265917     
   5.0000000000000000        19.696313476220475     
   5.0499999999999998        19.926628173831350     
   5.0999999999999996        18.277059197177103     
   5.1500000000000004        18.784340948145260     
   5.2000000000000002        19.463149783956752     
   5.2500000000000000        21.341341109287573     
   5.2999999999999998        23.125216174330081     
   5.3499999999999996        27.419918679313739     
   5.4000000000000004        21.188559610706157     
   5.4500000000000002        18.986104122825108     
   5.5000000000000000        22.888187348938835     
   5.5499999999999998        23.235072041330348     
   5.5999999999999996        23.095389762539114     
   5.6500000000000004        22.007889371770769     
   5.7000000000000002        22.495376048852130     
   5.7500000000000000        22.639009710800266     
   5.7999999999999998        22.840198283121403     
   5.8499999999999996        17.906432679463613     
   5.9000000000000004        19.525114862882234     
   5.9500000000000002        17.169966872371351     
   6.0000000000000000        20.829977896786367     
   6.0499999999999998        18.634841745818953     
   6.0999999999999996        16.037069782708841     
   6.1500000000000004        18.389781037326618     
   6.2000000000000002        19.422123392289311     
   6.2500000000000000        16.245489575917791     
   6.2999999999999998        14.590575098445392     
   6.3499999999999996        16.078603843130676     
   6.4000000000000004        15.386870487386894     
   6.4500000000000002        16.871969952530613     
   6.5000000000000000        21.244852624404718     
   6.5499999999999998        21.364140847309677     
   6.5999999999999996        22.597236712925273     
   6.6500000000000004        22.832559738297707     
   6.7000000000000002        20.521338693917187     
   6.7500000000000000        21.292692433724454     
   6.7999999999999998        21.490211304317967     
   6.8499999999999996        19.052997763090126     
   6.9000000000000004        19.603088477698385     
   6.9500000000000002        21.720165010090870     
   7.0000000000000000        21.659993984913250     
   7.0499999999999998        24.298063297884674     
   7.0999999999999996        24.986924385717654     
   7.1500000000000004        21.267399531454782     
   7.2000000000000002        20.177255552404230     
   7.2500000000000000        17.498444074171736     
   7.2999999999999998        15.177128711846551     
   7.3499999999999996        17.140530256512324     
   7.4000000000000004        18.025725218618511     
   7.4500000000000002        16.246909032747155     
   7.5000000000000000        15.881782385534979     
   7.5499999999999998        13.958832242927816     
   7.5999999999999996        17.841354485124114     
   7.6500000000000004        15.971152765735219     
   7.7000000000000002        15.135427357113628     
   7.7500000000000000        20.791082382528639     
   7.7999999999999998        20.943139641986100     
   7.8499999999999996        23.786706931891967     
   7.9000000000000004        21.702636420265350     
   7.9500000000000002        22.855247269806103     
   8.0000000000000000        21.464227008915458     
   8.0500000000000007        21.425608816005187     
   8.0999999999999996        20.701739696774123     
   8.1500000000000004        24.736732348790365     
   8.1999999999999993        20.929403077206370     
   8.2500000000000000        21.825925785374192     
   8.3000000000000007        24.837881962216038     
   8.3499999999999996        23.923873172017469     
   8.4000000000000004        25.673222583525810     
   8.4499999999999993        25.846456542923352     
   8.5000000000000000        26.521084867824236     
   8.5500000000000007        25.450037425047984     
   8.5999999999999996        25.223206968548510     
   8.6500000000000004        26.199819874765307     
   8.6999999999999993        24.300745192078697     
   8.7500000000000000        23.342091498553103     
   8.8000000000000007        23.889655142896242     
   8.8499999999999996        23.269252043060376     
   8.9000000000000004        19.938598147023267     
   8.9499999999999993        16.649108847121575     
   9.0000000000000000        18.687296916161795     
   9.0500000000000007        16.498700834116459     
   9.0999999999999996        18.526748283672966     
   9.1500000000000004        20.244353933325893     
   9.1999999999999993        16.681695085887348     
   9.2500000000000000        18.871634598280785     
   9.3000000000000007        18.517204536383677     
   9.3499999999999996        12.524546936309719     
   9.4000000000000004        11.897582356140113     
   9.4499999999999993        9.8582619285652164     
   9.5000000000000000        10.926615892740505     
   9.5500000000000007        9.6172222422271041     
   9.5999999999999996        10.932067283192660     
   9.6500000000000004        9.2080805043259240     
   9.6999999999999993        12.155549896102741     
   9.7500000000000000        12.044441591692772     
   9.8000000000000007        7.8858796610301471     
   9.8499999999999996        7.0709138020257463     
   9.9000000000000004        7.2072387908081872     
   9.9499999999999993        10.241646657009397     
   10.000000000000000        10.183289393107358     
   10.050000000000001        10.876756285220186     
   10.100000000000000        9.2502267202356201     
   10.150000000000000        11.754154097360908     
   10.199999999999999        12.030412568003342     
   10.250000000000000        10.563893159098260     
   10.300000000000001        16.293274543047190     
   10.350000000000000        18.587535677855350     
   10.400000000000000        19.787189456423590     
   10.449999999999999        19.659612328187659     
   10.500000000000000        18.116575864039159     
   10.550000000000001        19.332170403024659     
   10.600000000000000        17.540385416586695     
   10.650000000000000        17.712565954038869     
   10.699999999999999        18.524396084197726     
   10.750000000000000        21.598724561275155     
   10.800000000000001        16.040156512564206     
   10.850000000000000        19.303997771002582     
   10.900000000000000        19.051626908954020     
   10.949999999999999        14.682447787347613     
   11.000000000000000        15.768290518523237     
   11.050000000000001        17.771903256458454     
   11.100000000000000        17.035187485756836     
   11.150000000000000        14.054456365793675     
   11.199999999999999        13.371797906417680     
   11.250000000000000        12.416399019584052     
   11.300000000000001        12.927316629017916     
   11.350000000000000        10.146465241349189     
   11.400000000000000        9.5427416819162865     
   11.449999999999999        8.9164621181586625     
   11.500000000000000        13.341541252169501     
   11.550000000000001        17.370708876328003     
   11.600000000000000        15.047642308151650     
   11.650000000000000        11.036575352497383     
   11.699999999999999        12.677202105776807     
   11.750000000000000        15.363031979854883     
   11.800000000000001        13.396050730754968     
   11.850000000000000        12.320102661016056     
   11.900000000000000        14.428902394303885     
   11.949999999999999        10.731854850829215     
   12.000000000000000        8.7585512378890211     
   12.050000000000001        6.8110135501242564     
   12.100000000000000        8.3995911595878674     
   12.150000000000000        7.6500013656641581     
   12.199999999999999        9.5964175522672726     
   12.250000000000000        10.210851757070982     
   12.300000000000001        13.089472503868151     
   12.350000000000000        17.244471935258225     
   12.400000000000000        17.590770909862464     
   12.449999999999999        17.045327531652170     
   12.500000000000000        13.887967776264414     
   12.550000000000001        16.276776746523382     
   12.600000000000000        16.885540532404331     
   12.650000000000000        16.020724448566874     
   12.699999999999999        12.048812468211183     
   12.750000000000000        12.553860023798357     
   12.800000000000001        12.972417895400858     
   12.850000000000000        13.497033070962930     
   12.900000000000000        15.104601349298553     
   12.949999999999999        14.155061438461427     
   13.000000000000000        13.825016728065622     
   13.050000000000001        16.777002609118131     
   13.100000000000000        16.217689453466178     
   13.150000000000000        14.778566728773878     
   13.199999999999999        10.814081087452532     
   13.250000000000000        12.649595219495451     
   13.300000000000001        15.173761516695132     
   13.350000000000000        15.307567053382424     
   13.400000000000000        14.715575736590548     
   13.449999999999999        15.903889722498704     
   13.500000000000000        16.343881036379337     
   13.550000000000001        19.796091932156092     
   13.600000000000000        21.351282568363708     
   13.650000000000000        23.712251727622160     
   13.699999999999999        23.070178738346257     
   13.750000000000000        23.577300562302888     
   13.800000000000001        22.345845019201562     
   13.850000000000000        23.084903742418607     
   13.900000000000000        25.208833077555123     
   13.949999999999999        26.460447875978478     
   14.000000000000000        22.298879159866306     
   14.050000000000001        25.335662930868942     
   14.100000000000000        19.501022899168717     
   14.150000000000000        16.481574874118706     
   14.199999999999999        16.909793209686423     
   14.250000000000000        17.775157884862015     
   14.300000000000001        16.190853811775327     
   14.350000000000000        15.620174921835115     
   14.400000000000000        14.366824727334032     
   14.449999999999999        13.376320410219488     
   14.500000000000000        14.628197938184478     
   14.550000000000001        19.398499673059327     
   14.600000000000000        23.290756743931023     
   14.650000000000000        18.951990293603597     
   14.699999999999999        17.538429253356345     
   14.750000000000000        20.140036163791006     
   14.800000000000001        18.184432957605043     
   14.850000000000000        17.749963293229964     
   14.900000000000000        16.442129562600108     
   14.949999999999999        19.226630035782907     
   15.000000000000000        18.376819890267647     
   15.050000000000001        20.338891940089333     
   15.100000000000000        22.181006788457783     
   15.150000000000000        21.939565189292246     
   15.199999999999999        20.230128292211955     
   15.250000000000000        18.095018094666795     
   15.300000000000001        19.031337370903938     
   15.350000000000000        18.414977242604262     
   15.400000000000000        10.847846547366689     
   15.449999999999999        12.201067305361766     
   15.500000000000000        12.792332996554439     
   15.550000000000001        11.801092123438041     
   15.600000000000000        12.476446619507607     
   15.650000000000000        13.631651049668747     
   15.699999999999999        12.620783118228969     
   15.750000000000000        12.666468231884654     
   15.800000000000001        14.698639659672466     
   15.850000000000000        10.663623585754189     
   15.900000000000000        10.075364355344893     
   15.949999999999999        11.923498580068381     
   16.000000000000000        13.347385733277436     
   16.050000000000001        13.033469165042046     
   16.100000000000001        11.632159174208780     
   16.149999999999999        12.994355366178809     
   16.199999999999999        14.059246773986814     
   16.250000000000000        16.875351409135760     
   16.300000000000001        18.406139842661712     
   16.350000000000001        14.518897592997765     
   16.399999999999999        14.288780838530839     
   16.449999999999999        17.763089412570189     
   16.500000000000000        16.841388292040467     
   16.550000000000001        17.972282967173129     
   16.600000000000001        16.384590309344908     
   16.649999999999999        18.079953819815056     
   16.699999999999999        15.641290019182902     
   16.750000000000000        16.641682438593588     
   16.800000000000001        15.893418329384581     
   16.850000000000001        15.250401305227751     
   16.899999999999999        18.771720216590836     
   16.949999999999999        20.918208855409787     
   17.000000000000000        24.057536569343142     
   17.050000000000001        27.582403299820285     
   17.100000000000001        25.237645930744875     
   17.149999999999999        25.751193760148851     
   17.199999999999999        24.579741895136387     
   17.250000000000000        24.278651322488667     
   17.300000000000001        25.057123966607843     
   17.350000000000001        25.503539866249266     
   17.399999999999999        27.328265232228460     
   17.449999999999999        27.278862850986286     
   17.500000000000000        27.788733448274407     
   17.550000000000001        30.596263779731427     
   17.600000000000001        27.255723759949294     
   17.649999999999999        27.508473781455173     
   17.699999999999999        24.051988295023740     
   17.750000000000000        25.316881085233817     
   17.800000000000001        29.022966613448975     
   17.850000000000001        28.852954109056633     
   17.899999999999999        24.109306897932989     
   17.949999999999999        25.013209588177613     
   18.000000000000000        23.311831867437807     
   18.050000000000001        20.736706693670651     
   18.100000000000001        22.978112437116952     
   18.149999999999999        25.056924138909686     
   18.199999999999999        21.967598728926809     
   18.250000000000000        23.909614569613705     
   18.300000000000001        23.072973068739156     
   18.350000000000001        22.129869578196026     
   18.399999999999999        22.335202410339210     
   18.449999999999999        21.772247958139072     
   18.500000000000000        21.345346836386057     
   18.550000000000001        22.690036428846021     
   18.600000000000001        24.780594404167630     
   18.649999999999999        25.090653647949537     
   18.699999999999999        27.786103545371461     
   18.750000000000000        26.276183756919906     
   18.800000000000001        25.842471525922278     
   18.850000000000001        25.199303505967599     
   18.899999999999999        25.280597219274064     
   18.949999999999999        23.821529230808949     
   19.000000000000000        21.888058584700548     
   19.050000000000001        22.855359389183747     
   19.100000000000001        19.195957687701267     
   19.149999999999999        18.509479681715472     
   19.199999999999999        21.535927144300182     
   19.250000000000000        17.492765273812239     
   19.300000000000001        20.082193909550391     
   19.350000000000001        21.226962396191944     
   19.399999999999999        23.246608584807252     
   19.449999999999999        19.306062806092395     
   19.500000000000000        16.338924355842018     
   19.550000000000001        15.205627873376198     
   19.600000000000001        19.170513793694887     
   19.649999999999999        17.370980359399905     
   19.699999999999999        19.016385678118041     
   19.750000000000000        20.522518503758356     
   19.800000000000001        20.481302696454161     
   19.850000000000001        18.322216096329615     
   19.899999999999999        17.763440221796166     
   19.949999999999999        21.800650255190504     
   20.000000000000000        24.942454593677130     
   20.050000000000001        23.518848974844410     
   20.100000000000001        25.189083721248309     
   20.149999999999999        25.451016728768309     
   20.199999999999999        22.411748015124392     
   20.250000000000000        20.512048201817773     
   20.300000000000001        19.382379824653995     
   20.350000000000001        17.896197751674499     
   20.399999999999999        18.406597063880810     
   20.449999999999999        19.514002615557018     
   20.500000000000000        21.099081978924296     
   20.550000000000001        19.272447146710252     
   20.600000000000001        19.503739834695480     
   20.649999999999999        20.470832654137080     
   20.699999999999999        20.673269884041268     
   20.750000000000000        20.642120351219738     
   20.800000000000001        20.334449123622832     
   20.850000000000001        19.312531807951196     
   20.899999999999999        17.516776700570219     
   20.949999999999999        18.931246713960515     
   21.000000000000000        17.174461768707346     
   21.050000000000001        14.945352050966845     
   21.100000000000001        16.854480261224722     
   21.149999999999999        17.629330285048464     
   21.199999999999999        18.616762933574890     
   21.250000000000000        14.455243770533579     
   21.300000000000001        15.503609657225276     
   21.350000000000001        17.154885489867070     
   21.399999999999999        17.789264697892381     
   21.449999999999999        22.728302090342432     
   21.500000000000000        28.011338198480267     
   21.550000000000001        26.680555099905895     
   21.600000000000001        24.094661719390196     
   21.649999999999999        21.651002245209206     
   21.699999999999999        21.616351422753368     
   21.750000000000000        20.951169588512617     
   21.800000000000001        18.612022343354525     
   21.850000000000001        19.281417302831564     
   21.899999999999999        17.317973652039520     
   21.949999999999999        17.322821101466346     
   22.000000000000000        18.772522232387878     
   22.050000000000001        17.199381592185347     
   22.100000000000001        17.607518499456635     
   22.149999999999999        22.373140274937409     
   22.199999999999999        21.396084602550292     
   22.250000000000000        20.160569950647613     
   22.300000000000001        17.519845165023142     
   22.350000000000001        17.522030557800356     
   22.399999999999999        19.328248286974290     
   22.449999999999999        21.308395052936632     
   22.500000000000000        19.843074497406558     
   22.550000000000001        21.600371387191668     
   22.600000000000001        21.289092173120341     
   22.649999999999999        26.221880450762988     
   22.699999999999999        25.441839195407926     
   22.750000000000000        19.646472312528850     
   22.800000000000001        19.054071593889539     
   22.850000000000001        15.068100789782267     
   22.899999999999999        15.122547021157510     
   22.949999999999999        14.308356334304319     
   23.000000000000000        13.967638083830696     
   23.050000000000001        17.495325833705614     
   23.100000000000001        20.039554438292591     
   23.149999999999999        20.426915892840178     
   23.199999999999999        20.396887381665586     
   23.250000000000000        19.816886253707668     
   23.300000000000001        20.686288198255202     
   23.350000000000001        22.414837571681236     
   23.399999999999999        24.735878287317089     
   23.449999999999999        26.971036114698173     
   23.500000000000000        25.151505080450427     
   23.550000000000001        24.256087431207266     
   23.600000000000001        27.751450961549342     
   23.649999999999999        28.766954701129556     
   23.699999999999999        27.765585675002480     
   23.750000000000000        26.450976868899236     
   23.800000000000001        27.563235448038373     
   23.850000000000001        27.762959341642780     
   23.899999999999999        28.014998978329363     
   23.949999999999999        24.456490972625254     
   24.000000000000000        22.881434811293655     
   24.050000000000001        22.868217887498705     
   24.100000000000001        26.561595939819885     
   24.149999999999999        23.989237180457000     
   24.199999999999999        19.246842004720619     
   24.250000000000000        19.703365463226106     
   24.300000000000001        19.636854261763080     
   24.350000000000001        24.462435514607275     
   24.399999999999999        22.855683790006321     
   24.449999999999999        23.347465951697234     
   24.500000000000000        21.587513083190800     
   24.550000000000001        22.416725630186498     
   24.600000000000001        19.123745142554384     
   24.649999999999999        19.135435087273560     
   24.699999999999999        18.870754763202992     
   24.750000000000000        14.271703088206984     
   24.800000000000001        14.869439857828436     
   24.850000000000001        17.188202768893504     
   24.899999999999999        18.992278574153232     
   24.949999999999999        20.412832991660782     
   25.000000000000000        20.383176091778068     
   25.050000000000001        16.930995598956283     
   25.100000000000001        15.737365787884190     
   25.149999999999999        18.921085673515073     
   25.199999999999999        22.382908559100649     
   25.250000000000000        22.970689531200339     
   25.300000000000001        26.512384898883809     
   25.350000000000001        25.657353560679194     
   25.399999999999999        26.027281373326829     
   25.449999999999999        26.139499821224600     
   25.500000000000000        25.493257279946608     
   25.550000000000001        27.497885466263529     
   25.600000000000001        26.071804886452668     
   25.649999999999999        26.192028692272942     
   25.699999999999999        26.163089925021474     
   25.750000000000000        23.928828043697774     
   25.800000000000001        21.873712412769972     
   25.850000000000001        24.796282341704071     
   25.899999999999999        25.089473440538917     
   25.949999999999999        25.790405827063239     
   26.000000000000000        24.142983298529046     
   26.050000000000001        23.364287396995405     
   26.100000000000001        24.661583989445816     
   26.149999999999999        21.847289264485379     
   26.199999999999999        22.749896182336556     
   26.250000000000000        21.879676001800011     
   26.300000000000001        18.491364698558520     
   26.350000000000001        17.869298386225577     
   26.399999999999999        20.811661095516861     
   26.449999999999999        21.512802191513792     
   26.500000000000000        22.329980482566107     
   26.550000000000001        19.908518849857693     
   26.600000000000001        17.599910528004337     
   26.649999999999999        18.629352378246040     
   26.699999999999999        17.991162935759256     
   26.750000000000000        19.086492613753421     
   26.800000000000001        22.465955439858078     
   26.850000000000001        20.637870103321667     
   26.899999999999999        23.094216888675518     
   26.949999999999999        25.069931638766711     
   27.000000000000000        25.113955529559249     
   27.050000000000001        27.653953110968736     
   27.100000000000001        26.018941090206287     
   27.149999999999999        27.058455982917565     
   27.199999999999999        27.028231135463667     
   27.250000000000000        28.445578011494767     
   27.300000000000001        28.554697617440045     
   27.350000000000001        27.138556407607879     
   27.399999999999999        25.246655077666322     
   27.449999999999999        22.649093620700761     
   27.500000000000000        20.217708809203533     
   27.550000000000001        18.150621429875581     
   27.600000000000001        14.406303978340748     
   27.649999999999999        16.677700963400866     
   27.699999999999999        18.694982118227372     
   27.750000000000000        18.451597993649372     
   27.800000000000001        14.769266869030963     
   27.850000000000001        16.361460613668271     
   27.899999999999999        13.551787205856112     
   27.949999999999999        11.998732311453585     
   28.000000000000000        14.558725458516072     
   28.050000000000001        17.075462926300851     
   28.100000000000001        18.845089374987129     
   28.149999999999999        21.371010578735554     
   28.199999999999999        17.540778384013961     
   28.250000000000000        16.312976755108316     
   28.300000000000001        12.065404413101392     
   28.350000000000001        10.530692517895615     
   28.399999999999999        15.076380938450631     
   28.449999999999999        16.169971462394301     
   28.500000000000000        15.183089609419575     
   28.550000000000001        17.053983990776445     
   28.600000000000001        16.749520765373333     
   28.649999999999999        16.664235428404229     
   28.699999999999999        17.942825670824856     
   28.750000000000000        22.045005343910482     
   28.800000000000001        23.600411133593841     
   28.850000000000001        19.615264505842070     
   28.899999999999999        15.485026334146836     
   28.949999999999999        14.667961263513078     
   29.000000000000000        15.493218617484647     
   29.050000000000001        15.545268034931063     
   29.100000000000001        15.144081977369448     
   29.149999999999999        15.634068858716937     
   29.199999999999999        12.233905641012374     
   29.250000000000000        13.915481162125008     
   29.300000000000001        14.366098670587318     
   29.350000000000001        14.180439551213249     
   29.399999999999999        14.393883193359079     
   29.449999999999999        13.001133503912438     
   29.500000000000000        12.694287476627199     
   29.550000000000001        11.348668660468633     
   29.600000000000001        10.838794663415872     
   29.649999999999999        8.2137252381530956     
   29.699999999999999        9.9457416877576428     
   29.750000000000000        12.078905277778526     
   29.800000000000001        12.250471412154633     
   29.850000000000001        7.8736062275746832     
   29.899999999999999        5.0979196763956027     
   29.949999999999999        7.6871098105666480     
   30.000000000000000        4.7548621564854834     
   30.050000000000001        5.6326344722629758     
   30.100000000000001        6.8361256363277434     
   30.149999999999999        6.1625313689363308     
   30.199999999999999        8.6107487495096695     
   30.250000000000000        8.1774644344727037     
   30.300000000000001        8.6092154945967376     
   30.350000000000001        11.231697178267980     
   30.399999999999999        11.122074258402069     
   30.449999999999999        10.570251772813585     
   30.500000000000000        7.7015555397849571     
   30.550000000000001        6.8214545609422261     
   30.600000000000001        6.9785230019469475     
   30.649999999999999        12.231985343914365     
   30.699999999999999        13.653712574248651     
   30.750000000000000        14.923983397642028     
   30.800000000000001        12.667339852642685     
   30.850000000000001        11.747516723314741     
   30.899999999999999        13.305931342652107     
   30.949999999999999        9.9161049812095108     
   31.000000000000000        11.153518350400692     
   31.050000000000001        11.220554572718592     
   31.100000000000001        13.624349511559526     
   31.149999999999999        16.929688861582278     
   31.199999999999999        16.970354356472182     
   31.250000000000000        18.026197208609364     
   31.300000000000001        23.121122381884060     
   31.350000000000001        21.150319736493458     
   31.399999999999999        19.174323293380841     
   31.449999999999999        20.554530017623382     
   31.500000000000000        21.579185260851368     
   31.550000000000001        21.547028501909210     
   31.600000000000001        24.313347204466787     
   31.649999999999999        25.337437794930910     
   31.699999999999999        22.953492877970344     
   31.750000000000000        20.203269900672677     
   31.800000000000001        17.432715082895452     
   31.850000000000001        19.253627034157702     
   31.899999999999999        17.770554839461614     
   31.949999999999999        15.452384732604902     
   32.000000000000000        16.581412362076151     
   32.049999999999997        13.955813480655760     
   32.100000000000001        14.391476919597752     
   32.149999999999999        13.696226487743346     
   32.200000000000003        13.098114485687192     
   32.250000000000000        13.997042820154544     
   32.299999999999997        11.446089470003097     
   32.350000000000001        13.660754592021714     
   32.399999999999999        14.904387504733432     
   32.450000000000003        15.453853837278849     
   32.500000000000000        15.239767537890334     
   32.549999999999997        18.668346971648308     
   32.600000000000001        23.741913110261656     
   32.649999999999999        19.238740394116718     
   32.700000000000003        20.218178650705688     
   32.750000000000000        19.000703598362058     
   32.799999999999997        19.263437231521916     
   32.850000000000001        19.534332538397432     
   32.899999999999999        21.027401852936052     
   32.950000000000003        18.399540816126986     
   33.000000000000000        16.994226368428876     
   33.049999999999997        13.103410894041176     
   33.100000000000001        16.157361953468044     
   33.149999999999999        18.402554810870853     
   33.200000000000003        19.770253765992145     
   33.250000000000000        19.100278201464803     
   33.299999999999997        18.832189890544079     
   33.350000000000001        21.091313382900601     
   33.399999999999999        21.611510420144231     
   33.450000000000003        20.869940153615619     
   33.500000000000000        23.088885462261146     
   33.549999999999997        22.379784563436111     
   33.600000000000001        22.767994979373263     
   33.649999999999999        20.197000278325699     
   33.700000000000003        17.213597027831966     
   33.750000000000000        19.750799481214973     
   33.799999999999997        14.612455156036724     
   33.850000000000001        16.468796052191625     
   33.899999999999999        17.453963339701453     
   33.950000000000003        11.873754186321587     
   34.000000000000000        9.0573171623439528     
   34.049999999999997        11.465141499656163     
   34.100000000000001        10.324836221971527     
   34.149999999999999        9.1683665655875703     
   34.200000000000003        13.403458937917986     
   34.250000000000000        13.903811614011174     
   34.299999999999997        17.088920376249817     
   34.350000000000001        18.176185393769842     
   34.399999999999999        19.669409297625524     
   34.450000000000003        18.745405525575851     
   34.500000000000000        14.853813061583079     
   34.549999999999997        15.577557049920816     
   34.600000000000001        15.456399041168506     
   34.649999999999999        21.323102915067587     
   34.700000000000003        25.891657535192493     
   34.750000000000000        24.778322945136185     
   34.799999999999997        19.707932353184251     
   34.850000000000001        17.769784742694515     
   34.899999999999999        19.170739560263893     
   34.950000000000003        19.627668765165943     
   35.000000000000000        18.989344208717839     
   35.049999999999997        17.927881138551975     
   35.100000000000001        16.773227352377436     
   35.149999999999999        21.407208996124275     
   35.200000000000003        24.046970428916563     
   35.250000000000000        20.649924662638057     
   35.299999999999997        18.589973656862984     
   35.350000000000001        17.707911943377290     
   35.399999999999999        18.130801678303207     
   35.450000000000003        18.640268170629668     
   35.500000000000000        19.603122256976985     
   35.549999999999997        21.797416311818719     
   35.600000000000001        20.405800145289053     
   35.649999999999999        20.396400143370162     
   35.700000000000003        22.656557903873974     
   35.750000000000000        25.863379441342829     
   35.799999999999997        26.535633181345325     
   35.850000000000001        28.606351555413713     
   35.899999999999999        29.727418303884125     
   35.950000000000003        26.209582857966861     
   36.000000000000000        24.486886495889070     
   36.049999999999997        20.713930854665005     
   36.100000000000001        22.839355192219454     
   36.149999999999999        23.548415007757821     
   36.200000000000003        19.591472211741134     
   36.250000000000000        17.497733110157682     
   36.299999999999997        16.127413140109237     
   36.350000000000001        14.220566408203371     
   36.399999999999999        17.938815468719600     
   36.450000000000003        17.207214937842931     
   36.500000000000000        17.163169671396226     
   36.549999999999997        16.794828244829986     
   36.600000000000001        15.096496609109089     
   36.649999999999999        14.236428202851622     
   36.700000000000003        11.143753761900959     
   36.750000000000000        11.136270104581708     
   36.799999999999997        12.591979317245134     
   36.850000000000001        16.412360116352517     
   36.899999999999999        15.213629281761202     
   36.950000000000003        13.023951733772433     
   37.000000000000000        11.243868826165050     
   37.049999999999997        14.151684194073070     
   37.100000000000001        13.344569632080599     
   37.149999999999999        11.960270741593190     
   37.200000000000003        14.202997530888288     
   37.250000000000000        18.543289401532210     
   37.299999999999997        20.824933309335691     
   37.350000000000001        19.146848466310185     
   37.399999999999999        18.316795348780708     
   37.450000000000003        19.424380004015479     
   37.500000000000000        19.043382290935060     
   37.549999999999997        15.824013057075700     
   37.600000000000001        14.405889994896919     
   37.649999999999999        17.033267427292884     
   37.700000000000003        16.306120732558419     
   37.750000000000000        14.577908636374477     
   37.799999999999997        16.285890501878132     
   37.850000000000001        18.084084277053208     
   37.899999999999999        22.793112401392769     
   37.950000000000003        24.222772663105616     
   38.000000000000000        24.059718777575377     
   38.049999999999997        23.393085837805398     
   38.100000000000001        26.779647466747520     
   38.149999999999999        24.023291278801540     
   38.200000000000003        24.155607832266114     
   38.250000000000000        25.367466910268771     
   38.299999999999997        27.376485669121749     
   38.350000000000001        26.097508219168187     
   38.399999999999999        25.537849019400049     
   38.450000000000003        20.091552873170293     
   38.500000000000000        23.563329659895032     
   38.549999999999997        24.303385069500834     
   38.600000000000001        25.478678880860741     
   38.649999999999999        25.163962872801712     
   38.700000000000003        27.766654192947300     
   38.750000000000000        26.460948427575907     
   38.799999999999997        26.449821425532043     
   38.850000000000001        31.260001377398758     
   38.899999999999999        31.122950274891387     
   38.950000000000003        26.904869742405424     
   39.000000000000000        26.182832867537925     
   39.049999999999997        20.160285272566121     
   39.100000000000001        19.036058339648630     
   39.149999999999999        22.078360906795453     
   39.200000000000003        24.800048967838617     
   39.250000000000000        25.908592520070052     
   39.299999999999997        26.804731581101205     
   39.350000000000001        28.039154405915170     
   39.399999999999999        27.701610190876824     
   39.450000000000003        26.805138636761683     
   39.500000000000000        26.551896228752572     
   39.549999999999997        25.562100853323958     
   39.600000000000001        26.796356781359034     
   39.649999999999999        26.073687851792563     
   39.700000000000003        26.487728992508224     
   39.750000000000000        28.386333007812731     
   39.799999999999997        22.121008465525936     
   39.850000000000001        21.847117213012297     
   39.899999999999999        25.646011536822929     
   39.950000000000003        26.806401901530499     
   40.000000000000000        26.817236947372848     
   40.049999999999997        24.646716000475124     
   40.100000000000001        26.221228027819659     
   40.149999999999999        25.066062962330502     
   40.200000000000003        25.685225047209649     
   40.250000000000000        24.068792550873702     
   40.299999999999997        27.559134687797460     
   40.350000000000001        28.130291667757412     
   40.399999999999999        26.434706797228884     
   40.450000000000003        25.544084080679085     
   40.500000000000000        25.750060256340994     
   40.549999999999997        23.555236688492208     
   40.600000000000001        23.365404751621327     
   40.649999999999999        25.020772050310637     
   40.700000000000003        23.251947397576618     
   40.750000000000000        21.955698360069640     
   40.799999999999997        23.060208158452351     
   40.850000000000001        24.415471681195278     
   40.899999999999999        24.354145909602160     
   40.950000000000003        23.467168717377440     
   41.000000000000000        25.065536356272194     
   41.049999999999997        20.803679073558584     
   41.100000000000001        21.642053633002767     
   41.149999999999999        22.289128674476551     
   41.200000000000003        19.487371691197630     
   41.250000000000000        20.582794968513081     
   41.299999999999997        16.898346508784744     
   41.350000000000001        17.199118088506140     
   41.399999999999999        19.032280865174528     
   41.450000000000003        17.534226035317172     
   41.500000000000000        17.343951427921102     
   41.549999999999997        17.408970542161505     
   41.600000000000001        16.156933695019614     
   41.649999999999999        18.084666213723146     
   41.700000000000003        20.029382185628624     
   41.750000000000000        20.828321788671481     
   41.799999999999997        18.409068329959631     
   41.850000000000001        20.733833121723642     
   41.899999999999999        18.032234119398090     
   41.950000000000003        19.344527235373995     
   42.000000000000000        21.124876371647410     
   42.049999999999997        18.842688796692162     
   42.100000000000001        17.747645580187921     
   42.149999999999999        17.999384822696886     
   42.200000000000003        19.890065866103484     
   42.250000000000000        17.229822645243718     
   42.299999999999997        18.054492263143679     
   42.350000000000001        19.423906871626642     
   42.399999999999999        18.591030449739378     
   42.450000000000003        15.269468000151402     
   42.500000000000000        14.789471302622401     
   42.549999999999997        18.529270226154409     
   42.600000000000001        14.382588052234500     
   42.649999999999999        14.509173210079021     
   42.700000000000003        14.476646528711122     
   42.750000000000000        14.041729472339663     
   42.799999999999997        15.199372992548559     
   42.850000000000001        15.570689494104753     
   42.899999999999999        16.684960857725535     
   42.950000000000003        19.253650759115043     
   43.000000000000000        22.653769492492859     
   43.049999999999997        26.122663978648973     
   43.100000000000001        24.686876572049716     
   43.149999999999999        27.503154675844556     
   43.200000000000003        28.247043542506741     
   43.250000000000000        24.919526305822526     
   43.299999999999997        19.933166131697295     
   43.350000000000001        20.289348647471584     
   43.399999999999999        21.325080349936155     
   43.450000000000003        20.272892191719254     
   43.500000000000000        18.652644561130764     
   43.549999999999997        22.856582342892466     
   43.600000000000001        20.610957104835528     
   43.649999999999999        21.598909161689260     
   43.700000000000003        20.452241074240273     
   43.750000000000000        19.494316709317427     
   43.799999999999997        16.667634550921552     
   43.850000000000001        14.991182307048462     
   43.899999999999999        17.245457091007705     
   43.950000000000003        17.605028042761571     
   44.000000000000000        18.765452123331855     
   44.049999999999997        17.151626162952262     
   44.100000000000001        19.965171222236645     
   44.149999999999999        20.465968050810702     
   44.200000000000003        20.434770819423015     
   44.250000000000000        19.210169278489477     
   44.299999999999997        19.093184161528853     
   44.350000000000001        21.022804281317885     
   44.399999999999999        17.354538395655101     
   44.450000000000003        17.655402936346654     
   44.500000000000000        18.272455211651877     
   44.549999999999997        16.446402648440777     
   44.600000000000001        19.366963425593873     
   44.649999999999999        18.500238771681651     
   44.700000000000003        20.940877636204995     
   44.750000000000000        21.224563539415009     
   44.799999999999997        23.465964884822181     
   44.850000000000001        22.404333297824000     
   44.899999999999999        22.296529743015277     
   44.950000000000003        16.455391880776091     
   45.000000000000000        21.681524576378600     
   45.049999999999997        24.375410958688889     
   45.100000000000001        24.287010361592852     
   45.149999999999999        23.716235254524449     
   45.200000000000003        25.948304738511908     
   45.250000000000000        27.433223415357268     
   45.299999999999997        24.216601032459785     
   45.350000000000001        23.648538358419522     
   45.399999999999999        22.195889059037459     
   45.450000000000003        22.054620649319087     
   45.500000000000000        21.832261022124293     
   45.549999999999997        17.706590831371592     
   45.600000000000001        20.364316040903056     
   45.649999999999999        20.647179112510802     
   45.700000000000003        16.421964651165169     
   45.750000000000000        18.251288762393980     
   45.799999999999997        18.594028288972574     
   45.850000000000001        19.289296771169379     
   45.899999999999999        17.436037867218126     
   45.950000000000003        19.621491544817452     
   46.000000000000000        21.282947893572715     
   46.049999999999997        21.402856581712918     
   46.100000000000001        19.425362846662544     
   46.149999999999999        16.785931314449545     
   46.200000000000003        14.181291528291080     
   46.250000000000000        13.548891073017304     
   46.299999999999997        13.597194735901757     
   46.350000000000001        14.071130954533428     
   46.399999999999999        17.614420000875977     
   46.450000000000003        19.937450164123394     
   46.500000000000000        17.973978144931461     
   46.549999999999997        17.726053851202725     
   46.600000000000001        15.743255611275206     
   46.649999999999999        17.457485864381056     
   46.700000000000003        17.849951473884602     
   46.750000000000000        19.839445188202401     
   46.799999999999997        13.895330175671500     
   46.850000000000001        15.979995202536511     
   46.899999999999999        21.308131334483196     
   46.950000000000003        20.955841358257537     
   47.000000000000000        23.511182752311051     
   47.049999999999997        27.846930094536809     
   47.100000000000001        29.158464238576887     
   47.149999999999999        27.999612974019819     
   47.200000000000003        26.897351550386649     
   47.250000000000000        24.533234805545675     
   47.299999999999997        28.312473486866470     
   47.350000000000001        28.908194174198556     
   47.399999999999999        26.453947918235748     
   47.450000000000003        25.032915567446793     
   47.500000000000000        26.716687606448485     
   47.549999999999997        30.070052360233579     
   47.600000000000001        30.264160882534075     
   47.649999999999999        30.041431459383102     
   47.700000000000003        32.367285518786645     
   47.750000000000000        31.930936706524029     
   47.799999999999997        30.455063440805894     
   47.850000000000001        32.511460032082951     
   47.899999999999999        31.748966647303337     
   47.950000000000003        23.661726974870358     
   48.000000000000000        23.255175630671239     
   48.049999999999997        21.949317733522022     
   48.100000000000001        21.177388049316537     
   48.149999999999999        25.131018559297637     
   48.200000000000003        26.130320643484904     
   48.250000000000000        27.056656726397144     
   48.299999999999997        32.020157359536945     
   48.350000000000001        35.394677492284231     
   48.399999999999999        36.786517027295069     
   48.450000000000003        35.998454612301131     
   48.500000000000000        35.934691758926405     
   48.549999999999997        34.404188634969763     
   48.600000000000001        35.945041562734644     
   48.649999999999999        36.129383304675287     
   48.700000000000003        33.911159817822011     
   48.750000000000000        31.398861868278942     
   48.799999999999997        31.900860677083699     
   48.850000000000001        33.003934937121777     
   48.899999999999999        34.593311232923540     
   48.950000000000003        30.088100598762527     
   49.000000000000000        32.079498215170489     
   49.049999999999997        32.854418472558805     
   49.100000000000001        34.236181683137666     
   49.149999999999999        32.969871422815856     
   49.200000000000003        33.184838843594221     
   49.250000000000000        33.771071396854722     
   49.299999999999997        30.499715192634682     
   49.350000000000001        27.866717019818264     
   49.399999999999999        27.047536303547727     
   49.450000000000003        31.215532510162468     
   49.500000000000000        34.577310022676564     
   49.549999999999997        29.670694658461525     
   49.600000000000001        30.919911509213151     
   49.649999999999999        31.670157636862314     
   49.700000000000003        31.882985717370701     
   49.750000000000000        31.154266078615606     
   49.799999999999997        30.630316218440626     
   49.850000000000001        28.881481187796307     
   49.899999999999999        28.997756231438832     
   49.950000000000003        28.563544106845239     
   50.000000000000000        27.500855273892679     
   50.049999999999997        25.670508336844762     
   50.100000000000001        25.962334825787828     
   50.149999999999999        25.433806916632868     
   50.200000000000003        21.641243329111735     
   50.250000000000000        22.296491549099532     
   50.299999999999997        23.851481861123737     
   50.350000000000001        26.475287229214970     
   50.399999999999999        23.530573625303255     
   50.450000000000003        23.080401748102975     
   50.500000000000000        20.911038660661063     
   50.549999999999997        20.379167526281151     
   50.600000000000001        20.115610737678363     
   50.649999999999999        23.876457838282040     
   50.700000000000003        22.228263760527636     
   50.750000000000000        19.618004020946255     
   50.799999999999997        21.534921401208013     
   50.850000000000001        19.149129353435061     
   50.899999999999999        17.418233565326268     
   50.950000000000003        18.677843379148346     
   51.000000000000000        22.162615286399159     
   51.049999999999997        23.776203966963081     
   51.100000000000001        20.724974557811318     
   51.149999999999999        21.086623410409040     
   51.200000000000003        19.816410392196541     
   51.250000000000000        22.085969101042966     
   51.299999999999997        25.532519756196113     
   51.350000000000001        25.817783779574764     
   51.399999999999999        24.749739686536241     
   51.450000000000003        22.921063082415223     
   51.500000000000000        22.248777186055936     
   51.549999999999997        22.872335431683602     
   51.600000000000001        23.347934885421694     
   51.649999999999999        22.465172279631240     
   51.700000000000003        20.794063718282636     
   51.750000000000000        20.041510374203401     
   51.799999999999997        22.638372370163331     
   51.850000000000001        24.105964771759446     
   51.899999999999999        25.777005144737373     
   51.950000000000003        24.597899329328548     
   52.000000000000000        20.269539560657066     
   52.049999999999997        20.966504315552672     
   52.100000000000001        19.973994516602005     
   52.149999999999999        22.248694029315850     
   52.200000000000003        20.511537203843147     
   52.250000000000000        20.543252972498536     
   52.299999999999997        19.241939929209789     
   52.350000000000001        22.353684682761969     
   52.399999999999999        21.635078026789920     
   52.450000000000003        24.009462879312565     
   52.500000000000000        21.990119158818469     
   52.549999999999997        19.455227746345898     
   52.600000000000001        17.529661428060507     
   52.649999999999999        14.938195028693062     
   52.700000000000003        18.265993504959695     
   52.750000000000000        21.346827142099205     
   52.799999999999997        17.396989003462714     
   52.850000000000001        17.979163821332410     
   52.899999999999999        19.880785603791118     
   52.950000000000003        15.732455959757033     
   53.000000000000000        16.436355787764661     
   53.049999999999997        15.523758772392027     
   53.100000000000001        14.748263467076285     
   53.149999999999999        14.718765605273049     
   53.200000000000003        18.486003607715631     
   53.250000000000000        19.887038358824302     
   53.299999999999997        18.206781037725751     
   53.350000000000001        17.840449237696735     
   53.399999999999999        18.428565509952890     
   53.450000000000003        18.064832400588202     
   53.500000000000000        16.926544948235779     
   53.549999999999997        16.413234535906138     
   53.600000000000001        13.875432535891871     
   53.649999999999999        15.344155558420544     
   53.700000000000003        17.381774421724515     
   53.750000000000000        12.912325484336035     
   53.799999999999997        13.889287905232759     
   53.850000000000001        15.269989495648955     
   53.899999999999999        16.701767007665957     
   53.950000000000003        21.394930683605683     
   54.000000000000000        21.485847480087937     
   54.049999999999997        17.956892084901821     
   54.100000000000001        18.610806675049478     
   54.149999999999999        16.060302492415353     
   54.200000000000003        14.858001313208414     
   54.250000000000000        17.331020906602728     
   54.299999999999997        16.182259194213092     
   54.350000000000001        18.371343100080242     
   54.399999999999999        15.869481985626042     
   54.450000000000003        20.811641263007818     
   54.500000000000000        25.234748489841834     
   54.549999999999997        19.543305461275914     
   54.600000000000001        18.021475879678704     
   54.649999999999999        21.729972629880670     
   54.700000000000003        23.819109661217425     
   54.750000000000000        27.176956266160495     
   54.799999999999997        24.997636742452123     
   54.850000000000001        26.318113908915592     
   54.899999999999999        27.002078656337595     
   54.950000000000003        25.507984506330097     
   55.000000000000000        24.867628534502845     
   55.049999999999997        26.047842186393382     
   55.100000000000001        30.233845260716173     
   55.149999999999999        27.449992282854215     
   55.200000000000003        26.639102314236474     
   55.250000000000000        27.341572465951728     
   55.299999999999997        28.333006323209638     
   55.350000000000001        28.771698267805888     
   55.399999999999999        28.687551445051856     
   55.450000000000003        22.412070251322856     
   55.500000000000000        25.240876780701086     
   55.549999999999997        26.658590452591692     
   55.600000000000001        27.678301146312876     
   55.649999999999999        30.396226111691174     
   55.700000000000003        25.629946236488671     
   55.750000000000000        18.807068183539592     
   55.799999999999997        15.522547306713921     
   55.850000000000001        18.595757220541682     
   55.899999999999999        19.118257714646823     
   55.950000000000003        18.651149996050606     
   56.000000000000000        18.600182755521185     
   56.049999999999997        18.471523477947144     
   56.100000000000001        20.892831395570781     
   56.149999999999999        17.831965019374429     
   56.200000000000003        18.133497535334019     
   56.250000000000000        20.022598883112426     
   56.299999999999997        23.659292805604984     
   56.350000000000001        23.915124033390363     
   56.399999999999999        22.114158136523962     
   56.450000000000003        24.105121003907854     
   56.500000000000000        19.892732569107643     
   56.549999999999997        15.113295513891888     
   56.600000000000001        14.787911813214118     
   56.649999999999999        14.457020425347704     
   56.700000000000003        15.195170679547715     
   56.750000000000000        10.381538237445803     
   56.799999999999997        9.7858312416708966     
   56.850000000000001        7.1375476781953893     
   56.899999999999999        6.5234504450933857     
   56.950000000000003        7.7419360544969473     
   57.000000000000000        10.642374294236411     
   57.049999999999997        15.694005775513086     
   57.100000000000001        14.464748752739883     
   57.149999999999999        14.276949216631854     
   57.200000000000003        20.773654048564659     
   57.250000000000000        19.414036902675139     
   57.299999999999997        21.555453883760414     
   57.350000000000001        18.174510024977899     
   57.399999999999999        17.430257842550215     
   57.450000000000003        17.113541658403939     
   57.500000000000000        13.134066641759615     
   57.549999999999997        12.185045826306059     
   57.600000000000001        12.338662521892177     
   57.649999999999999        17.378593805076825     
   57.700000000000003        15.021008332728812     
   57.750000000000000        16.595617808510969     
   57.799999999999997        16.678047987797406     
   57.850000000000001        15.735455229552025     
   57.899999999999999        14.375536323665777     
   57.950000000000003        14.146604380276344     
   58.000000000000000        17.456418711463179     
   58.049999999999997        20.479672565349894     
   58.100000000000001        24.189239442941766     
   58.149999999999999        22.722432630131248     
   58.200000000000003        20.394413200659162     
   58.250000000000000        20.361621745690996     
   58.299999999999997        24.006139825322975     
   58.350000000000001        21.479710268377445     
   58.399999999999999        20.857787607571115     
   58.450000000000003        18.546865216679528     
   58.500000000000000        17.676334038113556     
   58.549999999999997        19.519144982251856     
   58.600000000000001        18.572358222734234     
   58.649999999999999        18.683371286275531     
   58.700000000000003        18.034941975460644     
   58.750000000000000        17.111408268193571     
   58.799999999999997        19.823737191466940     
   58.850000000000001        16.876153561996109     
   58.899999999999999        19.416178381476769     
   58.950000000000003        18.075390588903879     
   59.000000000000000        19.399337047128636     
   59.049999999999997        24.473980650165551     
   59.100000000000001        22.015191593598686     
   59.149999999999999        20.847850086154743     
   59.200000000000003        19.860274945663491     
   59.250000000000000        19.646285860816764     
   59.299999999999997        20.350388780434120     
   59.350000000000001        21.470147025748300     
   59.399999999999999        22.821797362301542     
   59.450000000000003        21.306231096236040     
   59.500000000000000        21.616010291752595     
   59.549999999999997        27.247071498182404     
   59.600000000000001        27.086505260787657     
   59.649999999999999        29.485593248313208     
   59.700000000000003        33.743359910024424     
   59.750000000000000        34.185419266483478     
   59.799999999999997        29.019301623782692     
   59.850000000000001        26.198922392621295     
   59.899999999999999        27.414563822529839     
   59.950000000000003        30.665852616738519     
